   1.0049875753773257E-006
   1.0049875753773257E-006
   1.0700221352389553E-006
   1.1420809595328027E-006
   1.2197921296001566E-006
   1.3027155137607731E-006
   1.3905205969492510E-006
   1.4827382736729681E-006
   1.5790142522837656E-006
   1.6788389658327873E-006
   1.7818047832523700E-006
   1.8873757989600886E-006
   1.9952252086051940E-006
   2.1048148675593357E-006
   2.2157270439565138E-006
   2.3277047365542645E-006
   2.4404556074221186E-006
   2.5536222364592966E-006
   2.6668395330468822E-006
   2.7798664198546936E-006
   2.8925583016325899E-006
   3.0046586682085749E-006
   3.1159387751724388E-006
   3.2262093677893173E-006
   3.3353754425758883E-006
   3.4434149467594169E-006
   3.5501956316520983E-006
   3.6554111030770244E-006
   3.7591375638332739E-006
   3.8612968829061009E-006
   3.9617072096227140E-006
   4.0604855841484134E-006
   4.1572926688233330E-006
   4.2523154277291608E-006
   4.3453057090649869E-006
   4.4363288951584058E-006
   4.5253440766729938E-006
   4.6122778447880494E-006
   4.6970779936583110E-006
   4.7796546184856765E-006
   4.8601726994302324E-006
   4.9384299768552165E-006
   5.0143709713802581E-006
   5.0879363594875482E-006
   5.1590820761128647E-006
   5.2278434174553077E-006
   5.2939692631700178E-006
   5.3573471284698756E-006
   5.4178816633574880E-006
   5.4754646960355798E-006
   5.5301903364243674E-006
   5.5819330975148520E-006
   5.6307558465213069E-006
   5.6766847831071943E-006
   5.7198213447100162E-006
   5.7603439184935204E-006
   5.7982160209329762E-006
   5.8335662426468736E-006
   5.8664869359657220E-006
   5.8970929308267256E-006
   5.9255280371533843E-006
   5.9518984359720280E-006
   5.9763306607492300E-006
   5.9989355954720717E-006
   6.0198191947313193E-006
   6.0390797920972842E-006
   6.0567570705604128E-006
   6.0728649600754315E-006
   6.0874479629500530E-006
   6.1008139269207155E-006
   6.1131430895845907E-006
   6.1247238230003571E-006
   6.1357931892690782E-006
   6.1465136873148114E-006
   6.1568880159815533E-006
   6.1669710601358548E-006
   6.1768648017186302E-006
   6.1866564821495114E-006
   6.1963735174969026E-006
   6.2060132620947893E-006
   6.2155866876186067E-006
   6.2251002523283603E-006
   6.2345577393012893E-006
   6.2439650970464544E-006
   6.2533580008891765E-006
   6.2627128389578676E-006
   6.2720485441292472E-006
   6.2813549183268978E-006
   6.2906493349977624E-006
   6.2999152454993977E-006
   6.3091495116455035E-006
   6.3183726582105818E-006
   6.3275698472835991E-006
   6.3367530122627101E-006
   6.3459186043286943E-006
   6.3550694225625974E-006
   6.3641925721215566E-006
   6.3733093849094828E-006
   6.3824177707096924E-006
   6.3915050407044004E-006
   6.4005900760786269E-006
   6.4096674944387095E-006
   6.4187205348315723E-006
   6.4277870442056246E-006
   6.4368457484881403E-006
   6.4459026412424091E-006
   6.4549536167613296E-006
   6.4640131263801812E-006
   6.4730737387266680E-006
   6.4821360600638816E-006
   6.4912026995290224E-006
   6.5002891573022254E-006
   6.5093837367034373E-006
   6.5184850938940699E-006
   6.5276081878931286E-006
   6.5367416825618901E-006
   6.5459061408948896E-006
   6.5550891539868799E-006
   6.5643029966695807E-006
   6.5735481955629638E-006
   6.5828285252980861E-006
   6.5921381131692173E-006
   6.6014922235142181E-006
   6.6108822719697302E-006
   6.6203190731805502E-006
   6.6297971129918817E-006
   6.6393215853680900E-006
   6.6489031297681011E-006
   6.6585525829803824E-006
   6.6682669323355996E-006
   6.6780324307682313E-006
   6.6878781226719894E-006
   6.6977841054393627E-006
   6.7077666818191352E-006
   6.7178355238617684E-006
   6.7279925624459956E-006
   6.7382395294297971E-006
   6.7485925989546041E-006
   6.7590428078514925E-006
   6.7695979971013007E-006
   6.7802530635588814E-006
   6.7910461578965466E-006
   6.8019525907302021E-006
   6.8129944781243786E-006
   6.8241837606692528E-006
   6.8355244876652889E-006
   6.8470156475666137E-006
   6.8586611556420780E-006
   6.8704805361264208E-006
   6.8824788348665510E-006
   6.8946665505562840E-006
   6.9070502298916691E-006
   6.9196476658924172E-006
   6.9324739620139010E-006
   6.9455360907998855E-006
   6.9588397836377101E-006
   6.9724083371900865E-006
   6.9862494609432936E-006
   7.0003780276055582E-006
   7.0147951756057778E-006
   7.0295481724067046E-006
   7.0446324946709159E-006
   7.0600620993321761E-006
   7.0758610438971042E-006
   7.0920565126387391E-006
   7.1086386782588007E-006
   7.1256491182969491E-006
   7.1430962903074045E-006
   7.1610034642605605E-006
   7.1793940233286355E-006
   7.1982524919907320E-006
   7.2176299660024325E-006
   7.2375239028284476E-006
   7.2579818451064177E-006
   7.2790081484569341E-006
   7.3005944466723870E-006
   7.3227707753772939E-006
   7.3455448468777231E-006
   7.3689493832109789E-006
   7.3929451968647199E-006
   7.4175778450474948E-006
   7.4428308711173403E-006
   7.4687352400079902E-006
   7.4952960662652898E-006
   7.5225276367961655E-006
   7.5503634563194874E-006
   7.5788491055662660E-006
   7.6080027067908697E-006
   7.6378027045641794E-006
   7.6682576951456891E-006
   7.6993767986502158E-006
   7.7311401080751197E-006
   7.7635807608201635E-006
   7.7966553641274629E-006
   7.8304052083834923E-006
   7.8648138524346968E-006
   7.8999600736348775E-006
   7.9357538599356334E-006
   7.9722817244477214E-006
   8.0095659453854711E-006
   8.0476311259406233E-006
   8.0864610464935059E-006
   8.1260817140817560E-006
   8.1666362728037667E-006
   8.2081118626908666E-006
   8.2505118262480430E-006
   8.2939961549523716E-006
   8.3386428045725070E-006
   8.3844314426911366E-006
   8.4315111678138428E-006
   8.4800236566332625E-006
   8.5300419462771991E-006
   8.5816947232497425E-006
   8.6350841366649706E-006
   8.6903765320741559E-006
   8.7476451947583081E-006
   8.8071243687167163E-006
   8.8689903678082994E-006
   8.9331586043808011E-006
   8.9999088427236504E-006
   9.0692787926237600E-006
   9.1413618589336249E-006
   9.2162906897867011E-006
   9.2940852567831357E-006
   9.3747356543430002E-006
   9.4583526695635540E-006
   9.5447532535722997E-006
   9.6339709414775639E-006
   9.7258411522384155E-006
   9.8203933390866444E-006
   9.9174980621137196E-006
   1.0016889588520545E-005
   1.0118428011968235E-005
   1.0222028660617402E-005
   1.0327567930838369E-005
   1.0434754304641030E-005
   1.0543407037726877E-005
   1.0653079232123278E-005
   1.0763803557865711E-005
   1.0875311106687178E-005
   1.0987557297308705E-005
   1.1100183656216696E-005
   1.1213016128584309E-005
   1.1326085367206991E-005
   1.1439152075098274E-005
   1.1552340499371321E-005
   1.1665346707048404E-005
   1.2038797736508508E-005
   1.3427927924513507E-005
   1.4410654152532882E-005
   1.4925323927138588E-005
   1.5223893640466778E-005
   1.5415399370047209E-005
   1.5551081822823674E-005
   1.5662932982543270E-005
   1.5750883808541299E-005
   1.5829128793887427E-005
   1.5899099652239187E-005
   1.5958972356490923E-005
   1.6010144740021229E-005
   1.6056407221742367E-005
   1.6096664685874086E-005
   1.6133252864483790E-005
   1.6168072476350976E-005
   1.6199166669002881E-005
   1.6226624252377208E-005
   1.6250744409466603E-005
   1.6271293946350934E-005
   1.6289017023203918E-005
   1.6305428266500036E-005
   1.6320016009387205E-005
   1.6333622431568927E-005
   1.6346526039680219E-005
   1.6358146088320790E-005
   1.6368785968507681E-005
   1.6378582675105459E-005
   1.6387610313892456E-005
   1.6395988897032978E-005
   1.6403544995446615E-005
   1.6410678115413391E-005
   1.6417171552428793E-005
   1.6423215756091787E-005
   1.6428686304952592E-005
   1.6433714878050951E-005
   1.6438242716611432E-005
   1.6442397611773092E-005
   1.6446227171095359E-005
   1.6449740556060513E-005
   1.6452929141935216E-005
   1.6455942756568064E-005
   1.6458670604539212E-005
   1.6461285989591293E-005
   1.6463519450423642E-005
   1.6465533477259827E-005
   1.6467432466553477E-005
   1.6469161192665472E-005
   1.6470533168167483E-005
   1.6471823705181156E-005
   1.6472992036686370E-005
   1.6473987515437617E-005
   2.0837999816611783E-005
   2.0837999816935122E-005
   2.0837999816935122E-005
   2.0837999816935122E-005
   2.0837999816935122E-005
   2.0837999816938903E-005
   2.0837999816938903E-005
   2.0837999816939185E-005
   2.0837999816942390E-005
   2.0837999816942390E-005
   2.0837999825615191E-005
   2.0837999825615191E-005
   2.0837999825615191E-005
   2.0837999825728446E-005
   2.0837999825785675E-005
   2.0837999827854298E-005
   2.0837999827854298E-005
   2.0837999832173150E-005
   2.0837999833990249E-005
   2.0837999833990635E-005
   2.0837999833990801E-005
   2.0837999834001898E-005
   2.0837999834002978E-005
   2.0837999835730451E-005
   2.0837999835779271E-005
   2.0837999835834253E-005
   2.0837999835912723E-005
   2.0837999838172268E-005
   2.0837999839160206E-005
   2.0837999842939918E-005
   2.0837999848264472E-005
   2.0837999861311270E-005
   2.0837999872307455E-005
   2.0837999892901286E-005
   2.0837999913494385E-005
   2.0837999918496849E-005
   2.0837999941940241E-005
   2.0837999976953276E-005
   2.0837999982240754E-005
   2.0838000024094753E-005
   2.0838000051704195E-005
   2.0838000082415234E-005
   2.0838000116759151E-005
   2.0838000156408672E-005
   2.0838000179839890E-005
   2.0838000200170978E-005
   2.0838000255855229E-005
   2.0838000325730615E-005
   2.0838000426049091E-005
   2.0838000513953686E-005
   2.0838000610461991E-005
   2.0838000728803746E-005
   2.0838000797177536E-005
   2.0838000949871112E-005
   2.0838001100870571E-005
   2.0838001281159545E-005
   2.0838001447517547E-005
   2.0838001668890662E-005
   2.0838001930351596E-005
   2.0838002181036604E-005
   2.0838002513724718E-005
   2.0838002837937492E-005
   2.0838003260581183E-005
   2.0838003725747500E-005
   2.0838004250851650E-005
   2.0838004808150300E-005
   2.0838005463904102E-005
   2.0838006205784370E-005
   2.0838007029836443E-005
   2.0838007997915385E-005
   2.0838009094848639E-005
   2.0838010297499631E-005
   2.0838011662696666E-005
   2.0838013231802755E-005
   2.0838015006626410E-005
   2.0838016996705092E-005
   2.0838019240865312E-005
   2.0838021754014781E-005
   2.0838024635295353E-005
   2.0838027865101759E-005
   2.0838031574971407E-005
   2.0838035706375586E-005
   2.0838040422674464E-005
   2.0838045705339991E-005
   2.0838051717258120E-005
   2.0838058491595603E-005
   2.0838066130010104E-005
   2.0838074811383331E-005
   2.0838084557660955E-005
   2.0838095593521867E-005
   2.0838108005926667E-005
   2.0838122087787690E-005
   2.0838137907911974E-005
   2.0838155787520013E-005
   2.0838175956245138E-005
   2.0838198645509871E-005
   2.0838224239753759E-005
   2.0838253021781654E-005
   2.0838285406263580E-005
   2.0838321820488890E-005
   2.0838362703605485E-005
   2.0838408624367845E-005
   2.0838460047106234E-005
   2.0838517596934018E-005
   2.0838581934706463E-005
   2.0838653709398973E-005
   2.0838733636180549E-005
   2.0838822370987171E-005
   2.0838920676181800E-005
   2.0839029186807737E-005
   2.0839148520089315E-005
   2.0839279106336199E-005
   2.0839421280701592E-005
   2.0839574919151713E-005
   2.0839739567467487E-005
   2.0839914116212421E-005
   2.0840096585200413E-005
   2.0840283831518195E-005
   2.0840471239258776E-005
   2.0840651911314929E-005
   2.0840816321842283E-005
   2.0840951222162595E-005
   2.0841038594942206E-005
   2.0841054172394915E-005
   2.0840965497927021E-005
   2.0840729739592484E-005
   2.0840290396260214E-005
   2.0839573701985937E-005
   2.0838483630748126E-005
   2.0836896113603052E-005
   2.0834651449414152E-005
   2.0831545249195506E-005
   2.0827317501254945E-005
   2.0821639428766900E-005
   2.0814098518605127E-005
   2.0804181235654887E-005
   2.0791254512193735E-005
   2.0774547076692346E-005
   2.0753132155212845E-005
   2.0725914263714746E-005
   2.0691624777330819E-005
   2.0648830856553791E-005
   2.0595963439926357E-005
   2.0531372222915150E-005
   2.0453411185217984E-005
   2.0360559413317923E-005
   2.0251575495594413E-005
   2.0125678397242822E-005
   1.9982742385954319E-005
   1.9823485726363420E-005
   1.9649630644074025E-005
   1.9464005663601392E-005
   1.9270561662546127E-005
   1.9074266912733907E-005
   1.8880842821861146E-005
   1.8696302672774056E-005
   1.8526271708300734E-005
   1.8375114440874843E-005
   1.8244986699946236E-005
   1.8135049319743146E-005
   1.8041170747638524E-005
   1.7956393215156266E-005
   1.7872141010174661E-005
   1.7779687220324830E-005
   1.7671111187174489E-005
   1.7539257085706147E-005
   1.7376898139825652E-005
   1.7175758257249558E-005
   1.6925857296652269E-005
   1.6615262947446666E-005
   1.6230239651043658E-005
   1.5755910969951445E-005
   1.5177653513802310E-005
   1.4483402889469604E-005
   1.3666832920649482E-005
   1.2730928347501798E-005
   1.1690894470619258E-005
   1.0574937335390255E-005
   9.4216872841534391E-006
   8.2742124563061107E-006
   7.1723005390874158E-006
   6.1458700382030167E-006
   5.2119773456680918E-006
   4.3760031433383636E-006
   3.6355514708924042E-006
   2.9847538462861615E-006
   2.4172833056535491E-006
   1.9276083875582646E-006
   1.5109309795623539E-006
   1.1625413863010159E-006
   1.0000000134596267E-006
   1.0000000134596267E-006
   1.0000000134596267E-006
   1.0000000134596267E-006
   1.0000000134596267E-006
   1.0000000134596267E-006
   1.0000000134596267E-006
   1.0000000134596267E-006
   1.0000000134596267E-006
   1.0000000134596267E-006
   1.0000000134596267E-006
   1.0000000134596267E-006
   1.0000000134596267E-006
   1.0000000134596267E-006
   1.0000000134596267E-006
   1.0000000134596267E-006
   1.0000000134596267E-006
   1.0000000134596267E-006
   1.0000000134596267E-006
   1.0000000134596267E-006
   1.0000000134596267E-006
   1.0000000134596267E-006
   1.0000000134596267E-006
   1.0000000134596267E-006
   1.0000000134596267E-006
   1.0000000134596267E-006
   1.0000000134596267E-006
   1.0000000134596267E-006
   1.0000000134596267E-006
   1.0000000134596267E-006
   1.0000000134596267E-006
   1.0000000134596267E-006
   1.0000000134596267E-006
   1.0000000134596267E-006
   1.0000000134596267E-006
   1.0000000134596267E-006
   1.0000000134596267E-006
   1.0000000134596267E-006
   1.0000000134596267E-006
   1.0000000134596267E-006
   1.0000000134596267E-006
   1.0000000134596267E-006
   1.0000000134596267E-006
   1.0000000134596267E-006
   1.0000000134596267E-006
   1.0000000134596267E-006
   1.0000000134596267E-006
   1.0000000134596267E-006
   1.0000000134596267E-006
   1.0000000134596267E-006
   1.0000000134596267E-006
   1.0000000134596267E-006
   1.0000000134596267E-006
   1.0000000134596267E-006
   1.0000000134596267E-006
   1.0000000134596267E-006
   1.0000000134596267E-006
   1.0000000134596267E-006
   1.0000000134596267E-006
   1.0000000134596267E-006
   1.0000000134596267E-006
   1.0000000134596267E-006
   1.0000000134596267E-006
   1.0000000134596267E-006
   1.0000000134596267E-006
   1.0000000134596267E-006
   1.0000000134596267E-006
   1.0000000134596267E-006
   1.0000000134596267E-006
   1.0000000134596267E-006
   1.0000000134596267E-006
   1.0000000134596267E-006
   1.0000000134596267E-006
   1.0000000134596267E-006
   1.0000000134596267E-006
   1.0000000134596267E-006
   1.0000000134596267E-006
   1.0000000134596267E-006
   1.0000000134596267E-006
   1.0000000134596267E-006
   1.0000000134596267E-006
   1.0000000134596267E-006
   1.0000000134596267E-006
   1.0000000134596267E-006
   1.0000000134596267E-006
   1.0000000134596267E-006
   1.0000000134596267E-006
   1.0000000134596267E-006
   1.0000000134596267E-006
   1.0000000134596267E-006
   1.0000000134596267E-006
   1.0000000134596267E-006
   1.0000000134596267E-006
   1.0000000134596267E-006
   1.0000000134596267E-006
   1.0000000134596267E-006
   1.0000000134596267E-006
   1.0000000134596267E-006
   1.0000000134596267E-006
   1.0000000134596267E-006
   1.0000000134596267E-006
   1.0000000134596267E-006
   1.0000000134596267E-006
   1.0000000134596267E-006
   1.0000000134596267E-006
   1.0000000134596267E-006
   1.0000000134596267E-006
   1.0000000134596267E-006
   1.0000000134596267E-006
   1.0000000134596267E-006
   1.0000000134596267E-006
