   1.0049875753773257E-006
   1.0049875753773257E-006
   1.0474461385220313E-006
   1.0936180924723540E-006
   1.1420654775149334E-006
   1.1922709160797972E-006
   1.2439926750516007E-006
   1.2969518089548799E-006
   1.3509350705194644E-006
   1.4057022416794114E-006
   1.4609680868798234E-006
   1.5165777841333432E-006
   1.5723571003420239E-006
   1.6282391539441361E-006
   1.6842032407689829E-006
   1.7398629242083574E-006
   1.7951820138332482E-006
   1.8501305125774808E-006
   1.9045222558809108E-006
   1.9583870632827688E-006
   2.0115931879442057E-006
   2.0640496939694129E-006
   2.1156631035975703E-006
   2.1663042851382011E-006
   2.2161245774036378E-006
   2.2649006742798883E-006
   2.3125807147802616E-006
   2.3592520008236811E-006
   2.4048653319699368E-006
   2.4492785977797423E-006
   2.4925164221002386E-006
   2.5344981652352529E-006
   2.5752559192179090E-006
   2.6147258754536070E-006
   2.6528483269150205E-006
   2.6895628263640163E-006
   2.7248695244887032E-006
   2.7585590514394173E-006
   2.7905835743039975E-006
   2.8209617555851266E-006
   2.8497558368212998E-006
   2.8770047058995559E-006
   2.9026530612729001E-006
   2.9267471826052966E-006
   2.9493927189906132E-006
   2.9705627321779687E-006
   2.9903083936504153E-006
   3.0086986405651974E-006
   3.0257890728566989E-006
   3.0416801078853328E-006
   3.0563757176742920E-006
   3.0700190351841627E-006
   3.0826045819978907E-006
   3.0942521495690678E-006
   3.1050005346541682E-006
   3.1148096742502973E-006
   3.1238045344129034E-006
   3.1319409221360733E-006
   3.1391421990167234E-006
   3.1456003641878283E-006
   3.1514970016049677E-006
   3.1571403576983842E-006
   3.1626423484941890E-006
   3.1680863732842687E-006
   3.1734858933760116E-006
   3.1788824323074695E-006
   3.1842801456306326E-006
   3.1896541437081868E-006
   3.1950435649910044E-006
   3.2004080374190472E-006
   3.2057701978966137E-006
   3.2111351970904124E-006
   3.2164610572776025E-006
   3.2217716596024670E-006
   3.2270861876671074E-006
   3.2323752621650160E-006
   3.2376467140331757E-006
   3.2429140107782252E-006
   3.2481636253288904E-006
   3.2534025514162190E-006
   3.2586362482228372E-006
   3.2638494682516923E-006
   3.2690389713755464E-006
   3.2742142864341055E-006
   3.2793937428222130E-006
   3.2845606040194141E-006
   3.2896902502844625E-006
   3.2948421502165249E-006
   3.2999692730052859E-006
   3.3050850553494532E-006
   3.3101966535004009E-006
   3.3152879751537762E-006
   3.3203797870801090E-006
   3.3254662266757089E-006
   3.3305437706318598E-006
   3.3356084526885929E-006
   3.3406828855595818E-006
   3.3457668221191525E-006
   3.3508391563530911E-006
   3.3558949078212914E-006
   3.3609718998705795E-006
   3.3660317489864965E-006
   3.3711086019570312E-006
   3.3761685275808963E-006
   3.3812546174911344E-006
   3.3863453514266327E-006
   3.3914349090859736E-006
   3.3965425775495247E-006
   3.4016725740454817E-006
   3.4067945532329033E-006
   3.4119497608253764E-006
   3.4171123899528996E-006
   3.4222872125830009E-006
   3.4274937669379626E-006
   3.4327136941779393E-006
   3.4379647960735137E-006
   3.4432261819163968E-006
   3.4485278435180309E-006
   3.4538845084304369E-006
   3.4592447438426373E-006
   3.4646293236544321E-006
   3.4700595950620647E-006
   3.4755060824426203E-006
   3.4809936973345269E-006
   3.4865073241617277E-006
   3.4920931902359169E-006
   3.4977185504326243E-006
   3.5033909146647778E-006
   3.5091190983617606E-006
   3.5148990607488267E-006
   3.5207433942933882E-006
   3.5266502425662481E-006
   3.5326030132737213E-006
   3.5386408389251751E-006
   3.5447478907300780E-006
   3.5509155665057266E-006
   3.5571645931512100E-006
   3.5635081373102021E-006
   3.5699119498908580E-006
   3.5764434329956374E-006
   3.5830378526566567E-006
   3.5897665679112722E-006
   3.5965890261410278E-006
   3.6035362256800500E-006
   3.6105610265859694E-006
   3.6177461687824038E-006
   3.6250718810464913E-006
   3.6325286247331324E-006
   3.6401437373548579E-006
   3.6479100555822928E-006
   3.6558436099173082E-006
   3.6639446810965071E-006
   3.6722155141603119E-006
   3.6807002331978632E-006
   3.6894008396584660E-006
   3.6982893790017779E-006
   3.7074058574454257E-006
   3.7167484200607194E-006
   3.7263267207937713E-006
   3.7361684541064517E-006
   3.7462480060299262E-006
   3.7566204216243319E-006
   3.7672936823558746E-006
   3.7782609359433835E-006
   3.7895286531549926E-006
   3.8011011261050774E-006
   3.8130235137494575E-006
   3.8253075195487083E-006
   3.8379014282333582E-006
   3.8508377200005608E-006
   3.8641417733463558E-006
   3.8778069136191628E-006
   3.8918428537341388E-006
   3.9062723775593181E-006
   3.9211268646876837E-006
   3.9362969113385237E-006
   3.9518438296804305E-006
   3.9677629101470693E-006
   3.9841826732766291E-006
   4.0009001052478215E-006
   4.0180297360600231E-006
   4.0355974596367411E-006
   4.0534881738134595E-006
   4.0719284137446093E-006
   4.0906839912236156E-006
   4.1098694669136904E-006
   4.1294509967346356E-006
   4.1495107207388471E-006
   4.1700030074134100E-006
   4.1909388100918996E-006
   4.2123158070073139E-006
   4.2341852994828090E-006
   4.2566066002527498E-006
   4.2795384280624478E-006
   4.3030509120851414E-006
   4.3271803110677399E-006
   4.3520270736203147E-006
   4.3774189899850713E-006
   4.4036199636071475E-006
   4.4304352831083399E-006
   4.4581468360762116E-006
   4.4868819248472162E-006
   4.5166070061997866E-006
   4.5472699396915490E-006
   4.5791524326549110E-006
   4.6123219728199232E-006
   4.6467211531864378E-006
   4.6826455844403437E-006
   4.7203025633299460E-006
   4.7594995932031029E-006
   4.8004011829191257E-006
   4.8431946316842173E-006
   4.8880493533146086E-006
   4.9349683025043393E-006
   4.9838034250029668E-006
   5.0350396648738229E-006
   5.0884249581099173E-006
   5.1441454840491794E-006
   5.2019369487260181E-006
   5.2622512921622038E-006
   5.3250545202996864E-006
   5.3902708819544821E-006
   5.4580304113027478E-006
   5.5280732829827953E-006
   5.6008412444901550E-006
   5.6759666300517883E-006
   5.7535267664762519E-006
   5.8334265357850633E-006
   5.9157873276287700E-006
   6.0009822104078898E-006
   6.0888192448423531E-006
   6.1793904570238246E-006
   6.2733117106560144E-006
   6.3702267646876066E-006
   6.4715023912973125E-006
   6.5778696453550026E-006
   6.6898252772777252E-006
   6.8086690966910064E-006
   6.9363894566913687E-006
   7.0761777243920748E-006
   7.2324321652780336E-006
   7.4123326100710632E-006
   7.6299436401611594E-006
   7.9113539366312436E-006
   8.3229664559476424E-006
   8.8603211807703509E-006
   8.9236190981452950E-006
   8.9248929803131576E-006
   1.0238497780182014E-005
   1.0676084978299141E-005
   1.0765110918721842E-005
   1.0783103271786523E-005
   1.0789261811137748E-005
   1.0791451316712550E-005
   1.0792549650206778E-005
   1.0793272135744405E-005
   1.0793770545242035E-005
   1.0794090581793594E-005
   1.0794297899206229E-005
   1.0794452584189981E-005
   1.0794568298353584E-005
   1.0794659416389048E-005
   1.0794734464403987E-005
   1.0794791417137005E-005
   1.0794832461811190E-005
   1.0794863300541265E-005
   1.0794888392106101E-005
   1.0794907245449282E-005
   1.0794923910632183E-005
   1.0794936556901975E-005
   1.0794946571062850E-005
   1.0794955675055561E-005
   1.0794963417353478E-005
   1.0794970873170160E-005
   1.0794977542229845E-005
   1.0794983179826559E-005
   1.0794988440460258E-005
   1.0794992673005069E-005
   1.0794996533576021E-005
   1.0795000129946976E-005
   1.0795003247013209E-005
   1.0795006135618065E-005
   1.0795008782810766E-005
   1.0795010898209441E-005
   1.0795012872725231E-005
   1.0795014797287179E-005
   1.0795016599745378E-005
   1.0795018342060983E-005
   1.0795019704546909E-005
   1.0795020977524909E-005
   1.0795022885387933E-005
   1.0795024050636290E-005
   1.0795031573133625E-005
   1.0795032434189973E-005
   1.0795033281857529E-005
   1.0795037528680138E-005
   1.0795040309994147E-005
   1.0795041038606928E-005
   1.0795041534207572E-005
   1.0795042635848879E-005
   1.0804144459642577E-005
   1.0804144459734048E-005
   1.0804144459734048E-005
   1.0804144459734084E-005
   1.0804144459734084E-005
   1.0804144459734255E-005
   1.0804144459734358E-005
   1.0804144459734358E-005
   1.0804144459738868E-005
   1.0804144460932625E-005
   1.0804144460932625E-005
   1.0804144460961858E-005
   1.0804144460961858E-005
   1.0804144460963935E-005
   1.0804144460963935E-005
   1.0804144460964143E-005
   1.0804144461211575E-005
   1.0804144461213957E-005
   1.0804144461215278E-005
   1.0804144461241320E-005
   1.0804144461518477E-005
   1.0804144461588039E-005
   1.0804144462888567E-005
   1.0804144462888597E-005
   1.0804144462889514E-005
   1.0804144462926017E-005
   1.0804144466088809E-005
   1.0804144466207381E-005
   1.0804144466330331E-005
   1.0804144482029875E-005
   1.0804144494064949E-005
   1.0804144500396461E-005
   1.0804144509306302E-005
   1.0804144510497927E-005
   1.0804144521730019E-005
   1.0804144526475613E-005
   1.0804144527626505E-005
   1.0804144534088321E-005
   1.0804144542431261E-005
   1.0804144557635670E-005
   1.0804144568950869E-005
   1.0804144581120925E-005
   1.0804144587421944E-005
   1.0804144617016250E-005
   1.0804144632700790E-005
   1.0804144675096837E-005
   1.0804144716357672E-005
   1.0804144730113802E-005
   1.0804144772980093E-005
   1.0804144818052592E-005
   1.0804144855458046E-005
   1.0804144913680080E-005
   1.0804144958433927E-005
   1.0804145043720846E-005
   1.0804145135083842E-005
   1.0804145215338711E-005
   1.0804145299828432E-005
   1.0804145392677773E-005
   1.0804145574389203E-005
   1.0804145684883377E-005
   1.0804145843491066E-005
   1.0804146041688998E-005
   1.0804146250169073E-005
   1.0804146501410199E-005
   1.0804146750995255E-005
   1.0804147051498161E-005
   1.0804147390773891E-005
   1.0804147791433287E-005
   1.0804148218651804E-005
   1.0804148699724448E-005
   1.0804149251766328E-005
   1.0804149890513865E-005
   1.0804150606281388E-005
   1.0804151414281465E-005
   1.0804152329865361E-005
   1.0804153380765866E-005
   1.0804154536773733E-005
   1.0804155849314740E-005
   1.0804157330304799E-005
   1.0804159003977658E-005
   1.0804160913078322E-005
   1.0804163075891897E-005
   1.0804165495182588E-005
   1.0804168242162054E-005
   1.0804171375366006E-005
   1.0804174860226378E-005
   1.0804178841931189E-005
   1.0804183338579219E-005
   1.0804188392507869E-005
   1.0804194103680998E-005
   1.0804200563559399E-005
   1.0804207846264097E-005
   1.0804216052997511E-005
   1.0804225320325740E-005
   1.0804235772208567E-005
   1.0804247546692002E-005
   1.0804260806957950E-005
   1.0804275746837616E-005
   1.0804292539027604E-005
   1.0804311433167121E-005
   1.0804332607692646E-005
   1.0804356410563497E-005
   1.0804383072952298E-005
   1.0804412922751488E-005
   1.0804446282832245E-005
   1.0804483468456755E-005
   1.0804524921447311E-005
   1.0804570918217341E-005
   1.0804621893923992E-005
   1.0804678157861849E-005
   1.0804740034053423E-005
   1.0804807759704156E-005
   1.0804881469565227E-005
   1.0804961134636604E-005
   1.0805046470006192E-005
   1.0805136982461277E-005
   1.0805231585119309E-005
   1.0805328684881234E-005
   1.0805425836306051E-005
   1.0805519529238554E-005
   1.0805604767744153E-005
   1.0805674708216485E-005
   1.0805720004744796E-005
   1.0805728084566664E-005
   1.0805682116523566E-005
   1.0805559871720635E-005
   1.0805332084077963E-005
   1.0804960486737283E-005
   1.0804395315998551E-005
   1.0803572212360656E-005
   1.0802408368162444E-005
   1.0800797883410546E-005
   1.0798605845565360E-005
   1.0795661882207526E-005
   1.0791752044851791E-005
   1.0786610094118041E-005
   1.0779907818263040E-005
   1.0771245337237063E-005
   1.0760142038869694E-005
   1.0746030008468848E-005
   1.0728251522064733E-005
   1.0706063579146583E-005
   1.0678652747790251E-005
   1.0645163311546453E-005
   1.0604741867224220E-005
   1.0556599828273743E-005
   1.0500093540059278E-005
   1.0434818063332690E-005
   1.0360708166149357E-005
   1.0278136363489870E-005
   1.0187995466237071E-005
   1.0091752114275610E-005
   9.9914547450794538E-006
   9.8896792756442421E-006
   9.7893922023129669E-006
   9.6937113484004925E-006
   9.6055532117399525E-006
   9.5271807565377695E-006
   9.4597117640890606E-006
   9.4027111056548773E-006
   9.3540367113586477E-006
   9.3100809715037438E-006
   9.2663976983231403E-006
   9.2184619820390383E-006
   9.1621671761158763E-006
   9.0938030885687304E-006
   9.0096227579324566E-006
   8.9053351861981859E-006
   8.7757658310860604E-006
   8.6147280297431831E-006
   8.4151000610980621E-006
   8.1691688155295562E-006
   7.8693522696691916E-006
   7.5093952673777804E-006
   7.0860177764823096E-006
   6.6007673664472224E-006
   6.0615276802739202E-006
   5.4829231022635659E-006
   4.8849827913955650E-006
   4.2900368296575687E-006
   3.7187144513951570E-006
   3.1865278973237692E-006
   2.7023205987290119E-006
   2.2688823512904946E-006
   1.8849709011469430E-006
   1.5475435285785969E-006
   1.2533198120191377E-006
   1.0000000136352225E-006
   1.0000000136352225E-006
   1.0000000136352225E-006
   1.0000000136352225E-006
   1.0000000136352225E-006
   1.0000000136352225E-006
   1.0000000136352225E-006
   1.0000000136352225E-006
   1.0000000136352225E-006
   1.0000000136352225E-006
   1.0000000136352225E-006
   1.0000000136352225E-006
   1.0000000136352225E-006
   1.0000000136352225E-006
   1.0000000136352225E-006
   1.0000000136352225E-006
   1.0000000136352225E-006
   1.0000000136352225E-006
   1.0000000136352225E-006
   1.0000000136352225E-006
   1.0000000136352225E-006
   1.0000000136352225E-006
   1.0000000136352225E-006
   1.0000000136352225E-006
   1.0000000136352225E-006
   1.0000000136352225E-006
   1.0000000136352225E-006
   1.0000000136352225E-006
   1.0000000136352225E-006
   1.0000000136352225E-006
   1.0000000136352225E-006
   1.0000000136352225E-006
   1.0000000136352225E-006
   1.0000000136352225E-006
   1.0000000136352225E-006
   1.0000000136352225E-006
   1.0000000136352225E-006
   1.0000000136352225E-006
   1.0000000136352225E-006
   1.0000000136352225E-006
   1.0000000136352225E-006
   1.0000000136352225E-006
   1.0000000136352225E-006
   1.0000000136352225E-006
   1.0000000136352225E-006
   1.0000000136352225E-006
   1.0000000136352225E-006
   1.0000000136352225E-006
   1.0000000136352225E-006
   1.0000000136352225E-006
   1.0000000136352225E-006
   1.0000000136352225E-006
   1.0000000136352225E-006
   1.0000000136352225E-006
   1.0000000136352225E-006
   1.0000000136352225E-006
   1.0000000136352225E-006
   1.0000000136352225E-006
   1.0000000136352225E-006
   1.0000000136352225E-006
   1.0000000136352225E-006
   1.0000000136352225E-006
   1.0000000136352225E-006
   1.0000000136352225E-006
   1.0000000136352225E-006
   1.0000000136352225E-006
   1.0000000136352225E-006
   1.0000000136352225E-006
   1.0000000136352225E-006
   1.0000000136352225E-006
   1.0000000136352225E-006
   1.0000000136352225E-006
   1.0000000136352225E-006
   1.0000000136352225E-006
   1.0000000136352225E-006
   1.0000000136352225E-006
   1.0000000136352225E-006
   1.0000000136352225E-006
   1.0000000136352225E-006
   1.0000000136352225E-006
   1.0000000136352225E-006
   1.0000000136352225E-006
   1.0000000136352225E-006
   1.0000000136352225E-006
   1.0000000136352225E-006
   1.0000000136352225E-006
   1.0000000136352225E-006
   1.0000000136352225E-006
   1.0000000136352225E-006
   1.0000000136352225E-006
   1.0000000136352225E-006
   1.0000000136352225E-006
   1.0000000136352225E-006
   1.0000000136352225E-006
   1.0000000136352225E-006
   1.0000000136352225E-006
   1.0000000136352225E-006
   1.0000000136352225E-006
   1.0000000136352225E-006
   1.0000000136352225E-006
   1.0000000136352225E-006
   1.0000000136352225E-006
   1.0000000136352225E-006
   1.0000000136352225E-006
   1.0000000136352225E-006
   1.0000000136352225E-006
   1.0000000136352225E-006
   1.0000000136352225E-006
   1.0000000136352225E-006
   1.0000000136352225E-006
   1.0000000136352225E-006
   1.0000000136352225E-006
   1.0000000136352225E-006
   1.0000000136352225E-006
